BR-100 2 1 095 18 21 03 060 120 -03 003 27
BR-101 1 2 120 15 12 03 060 120 -03 003 27
BR-102 1 3 100 29 20 03 060 120 -03 003 15
BR-103 1 2 075 13 23 04 060 120 -03 003 24
BR-104 1 1 095 13 23 01 060 120 -03 003 23
BR-105 2 2 110 27 17 02 060 120 -03 003 27
BR-106 3 1 120 21 20 04 060 120 -03 003 22
BR-107 3 2 105 29 14 01 060 120 -03 003 27
BR-108 2 2 095 14 21 03 060 120 -03 003 11
BR-109 3 1 090 26 19 02 060 120 -03 003 18
BR-110 3 1 090 26 22 03 060 120 -03 003 11
BR-111 2 3 095 15 29 01 060 120 -03 003 21
BR-112 2 1 100 25 16 04 060 120 -03 003 27
BR-113 3 3 075 15 26 02 060 120 -03 003 15
BR-114 2 2 080 20 10 01 060 120 -03 003 29
